  Date_obs   Time_obs   Obs_type   Fea_type    NOAA   id    X_arc    Y_arc    r_arc theta_deg    b_deg    l_deg  lcm_deg  A_deg2   A_MSH          A_km2        P_Total         P_Mean          P_Min          P_Max          P_Std
2013-07-04   16:08:10  continuum      umbra   11778    1   912.05   -293.3   958.05    -17.83    -9999    -9999    -9999  203.87  9883.8 30057156189.16      908987.48       69922.11       66773.91       72213.72        1338.94
2013-07-04   16:08:10  continuum      umbra   11778    2   912.05  -293.29   958.05    -17.83    -9999    -9999    -9999  203.86 9883.34 30055756486.04      652216.93       65221.69        62312.1       67403.33        1724.86
2013-07-04   16:08:10  continuum      umbra   11778    3   912.06  -293.29   958.06    -17.83    -9999    -9999    -9999  203.85 9882.77 30054011583.74      488794.36       69827.77       67959.65       71438.95         979.93
2013-07-04   16:08:10  continuum      umbra   11778    4   912.07  -293.29   958.06    -17.83    -9999    -9999    -9999  203.83 9882.13 30052061452.37      213808.55       71269.52       70144.43        71954.3         801.79
2013-07-04   16:08:10  continuum      umbra   11778    5   912.06  -293.29   958.06    -17.83    -9999    -9999    -9999  203.84 9882.52 30053246285.55      325509.29       65101.86       63759.75       67925.75        1490.68
2013-07-04   16:08:10  continuum      umbra   11778    6      912  -293.31   958.01    -17.83    -9999    -9999    -9999  203.96 9888.36 30071007563.66     2407739.99       63361.58          58790       66778.38        1878.28
2013-07-04   16:08:10  continuum   penumbra   11778    1   912.05   -293.3   958.05    -17.83    -9999    -9999    -9999  203.87  9883.8 30057156189.16      908987.48       69922.11       66773.91       72213.72        1338.94
2013-07-04   16:08:10  continuum   penumbra   11778    2   912.05  -293.29   958.05    -17.83    -9999    -9999    -9999  203.86 9883.34 30055756486.04      652216.93       65221.69        62312.1       67403.33        1724.86
2013-07-04   16:08:10  continuum   penumbra   11778    3   912.06  -293.29   958.06    -17.83    -9999    -9999    -9999  203.85 9882.77 30054011583.74      488794.36       69827.77       67959.65       71438.95         979.93
2013-07-04   16:08:10  continuum   penumbra   11778    4   912.07  -293.29   958.06    -17.83    -9999    -9999    -9999  203.83 9882.13 30052061452.37      213808.55       71269.52       70144.43        71954.3         801.79
2013-07-04   16:08:10  continuum   penumbra   11778    5   912.06  -293.29   958.06    -17.83    -9999    -9999    -9999  203.84 9882.52 30053246285.55      325509.29       65101.86       63759.75       67925.75        1490.68
2013-07-04   16:08:10  continuum   penumbra   11778    6      912  -293.31   958.01    -17.83    -9999    -9999    -9999  203.96 9888.36 30071007563.66     2407739.99       63361.58          58790       66778.38        1878.28
2013-07-04   16:08:10  continuum      umbra   11782    1    439.7  -320.72   544.24    -36.11   -16.94    78.71    29.02    0.29   14.08     42819774.8      180896.21       60298.74       59796.95       60689.53         372.75
2013-07-04   16:08:10  continuum      umbra   11782    2   506.43   -320.6   599.38    -32.34   -17.08     83.7       34    0.62   29.95    91092515.13      427177.91       61025.42       60097.27       62367.86         747.88
2013-07-04   16:08:10  continuum      umbra   11782    3   470.63  -319.12   568.62    -34.14    -16.9    80.97    31.28       0    0.12      365538.92      124060.38       62030.19       61982.59       62077.79           47.6
2013-07-04   16:08:10  continuum      umbra   11782    4   471.89  -318.11    569.1    -33.99   -16.84    81.05    31.36    0.01    0.36     1096791.82      363084.59        60514.1       58424.87       62310.28         1408.7
2013-07-04   16:08:10  continuum      umbra   11782    5   509.79  -317.39   600.52    -31.91   -16.89    83.91    34.22    0.02    0.93     2840605.62      910653.23       60710.22       57115.94       62826.33        1780.26
2013-07-04   16:08:10  continuum      umbra   11782    6   436.91  -315.84   539.12    -35.86   -16.62    78.46    28.76    0.03    1.22     3721586.51     1232629.95       58696.66       55345.93       62554.59        1714.83
2013-07-04   16:08:10  continuum      umbra   11782    7   475.17  -314.58   569.86    -33.51   -16.62    81.25    31.56    0.01    0.48     1461799.07      480311.06       60038.88       58197.74       61888.62        1332.19
2013-07-04   16:08:10  continuum      umbra   11782    8   429.53  -313.32   531.66    -36.11   -16.44     77.9     28.2       0    0.23      703324.51      247717.17       61929.29       60156.89       62850.88        1097.18
2013-07-04   16:08:10  continuum      umbra   11782    9   436.71   -313.2   537.41    -35.65   -16.45    78.41    28.72       0    0.23      707092.49      247465.24       61866.31       61291.88       62562.56         516.74
2013-07-04   16:08:10  continuum      umbra   11782   10   478.07  -309.84   569.69    -32.95   -16.32    81.41    31.72    0.01    0.72     2188748.51      706067.19       58838.93       56337.93       61733.99        1638.62
2013-07-04   16:08:10  continuum      umbra   11782   11   382.58  -307.68   490.95    -38.81   -15.99    74.52    24.83    0.01    0.28      847281.58      301721.59       60344.32       58621.56       62870.78         1511.9
2013-07-04   16:08:10  continuum      umbra   11782   12   459.25  -305.59   551.63    -33.64      -16    79.97    30.28    0.03    1.59     4827088.93     1644808.14       60918.82       58725.67       62800.99        1229.41
2013-07-04   16:08:10  continuum      umbra   11782   13   385.52   -305.4   491.83    -38.39   -15.85    74.71    25.02    0.02    1.17     3558514.01     1283091.51        61099.6       59024.77       63313.73        1176.37
2013-07-04   16:08:10  continuum      umbra   11782   14   471.64  -306.01   562.21    -32.98   -16.06    80.89     31.2       0    0.12      361473.91      121423.72       60711.86       60481.68       60942.04         230.18
2013-07-04   16:08:10  continuum      umbra   11782   15   382.63  -304.65    489.1    -38.53   -15.79     74.5    24.81    0.01    0.56     1690437.09      622013.93       62201.39       61341.11       62751.78         534.72
2013-07-04   16:08:10  continuum      umbra   11782   16   475.42  -302.98   563.76    -32.51   -15.87    81.14    31.44    0.01    0.71     2170170.33      730531.05       60877.59       58762.37        62421.5        1092.76
2013-07-04   16:08:10  continuum      umbra   11782   17   501.39  -301.22   584.91       -31   -15.82    83.07    33.37    0.01    0.43     1294561.59       421695.5       60242.21       58344.94       61635.29        1023.04
2013-07-04   16:08:10  continuum      umbra   11782   18   465.08  -300.97   553.97    -32.91   -15.72    80.35    30.66       0    0.12      357857.86      125432.43       62716.21       62531.38       62901.05         184.84
2013-07-04   16:08:10  continuum      umbra   11782   19   454.04  -300.04   544.22    -33.46   -15.64    79.53    29.84    0.01    0.52     1594491.87      536213.82       59579.31       57707.54       60980.72        1022.97
2013-07-04   16:08:10  continuum      umbra   11782   20   469.24  -300.02   556.96    -32.59   -15.67    80.65    30.95    0.01    0.47     1435318.73      477635.66       59704.46       57476.24       61313.93        1026.64
2013-07-04   16:08:10  continuum      umbra   11782   21   476.33  -300.11   562.99    -32.21   -15.69    81.17    31.48    0.01    0.59     1805337.92      607065.43       60706.54       57102.33       62385.45        1598.22
2013-07-04   16:08:10  continuum      umbra   11782   22   467.35  -299.45   555.06    -32.65   -15.63     80.5    30.81       0    0.24      716151.86      241905.62        60476.4        58554.1       62854.47        1571.49
2013-07-04   16:08:10  continuum      umbra   11782   23    473.9  -298.45   560.05     -32.2   -15.58    80.98    31.28       0    0.24      719565.16      248106.22       62026.56       60841.66       62796.59         727.92
2013-07-04   16:08:10  continuum      umbra   11782   24   418.87  -296.74   513.33    -35.32   -15.35    76.98    27.28    0.01    0.45     1376386.59      488112.14       61014.02       58785.38       62799.32        1313.14
2013-07-04   16:08:10  continuum      umbra   11782   25   382.37  -291.89   481.05    -37.36   -14.98    74.38    24.69    0.01    0.55     1673264.05       579697.6       57969.76        55905.8       60204.41        1170.28
2013-07-04   16:08:10  continuum      umbra   11782   26   421.46  -288.36   510.66    -34.38   -14.82    77.08    27.39       0    0.23      684866.75      233631.14       58407.78       57208.99       59669.77        1125.08
2013-07-04   16:08:10  continuum      umbra   11782   27   483.09  -288.11   562.48    -30.81   -14.94    81.54    31.85    0.01    0.41     1258307.74      420779.81        60111.4       59655.73       60547.41         321.65
2013-07-04   16:08:10  continuum      umbra   11782   28   486.78  -282.69   562.91    -30.15    -14.6    81.76    32.07    0.03    1.59     4847686.34     1649904.55       61107.58       58779.62        62954.3        1026.99
2013-07-04   16:08:10  continuum      umbra   11782   29   387.99  -282.27   479.81    -36.04   -14.38    74.69       25    0.01    0.38     1166883.31      427304.79       61043.54       59068.15       63046.99        1302.93
2013-07-04   16:08:10  continuum      umbra   11782   30   486.76  -277.97   560.54    -29.73    -14.3    81.71    32.02    0.01    0.59     1788549.09      578926.36       57892.64       55157.78        59898.2        1378.45
2013-07-04   16:08:10  continuum      umbra   11782   31   402.16  -275.33   487.38     -34.4   -13.96    75.62    25.93    0.02    1.16     3514369.61     1271937.04       60568.43       57093.58       63510.43        1829.75
2013-07-04   16:08:10  continuum      umbra   11782   32   484.45  -275.12   557.12    -29.59   -14.11    81.51    31.82    0.01     0.7     2137027.14      728146.37       60678.86       59688.98        62129.2         811.99
2013-07-04   16:08:10  continuum      umbra   11782   33   386.25  -274.04   473.59    -35.36   -13.85    74.51    24.82    0.02    1.03     3145128.07     1167568.05       61450.95       58121.87       65987.32        1876.87
2013-07-04   16:08:10  continuum      umbra   11782   34   403.81  -271.97   486.86    -33.96   -13.75    75.71    26.02    0.01    0.55     1671261.48      586314.68       58631.47       56670.92       59579.27         813.94
2013-07-04   16:08:10  continuum      umbra   11782   35   406.86  -270.11   488.36    -33.58   -13.64    75.91    26.22    0.03    1.37     4180993.27     1510056.29       60402.25       58554.42       62771.11         994.51
2013-07-04   16:08:10  continuum      umbra   11782   36   379.35  -270.46   465.89    -35.49   -13.61    74.01    24.32    0.01    0.38     1151047.62       421846.5       60263.79       59126.11       62637.93        1234.07
2013-07-04   16:08:10  continuum      umbra   11782   37   384.39  -270.66   470.12    -35.15   -13.63    74.36    24.67    0.01    0.27      824773.01      300966.63       60193.33        57466.1        62359.1        1583.75
2013-07-04   16:08:10  continuum      umbra   11782   38   494.47  -269.31   563.05    -28.57   -13.77     82.2     32.5    0.01    0.65     1967559.23      650414.73       59128.61       56512.03       60233.53         1030.9
2013-07-04   16:08:10  continuum      umbra   11782   39   385.15  -268.19   469.32    -34.85   -13.48    74.39     24.7       0    0.22      658992.94      226462.67       56615.67       55373.69       57701.39         999.15
2013-07-04   16:08:10  continuum      umbra   11782   40   408.26  -265.75   487.14    -33.06   -13.36    75.97    26.28       0    0.16      500645.51       179016.4       59672.13       58883.88       60298.65         588.79
2013-07-04   16:08:10  continuum      umbra   11782   41   469.37   -263.6   538.32    -29.32   -13.35     80.3     30.6    0.04    2.18     6622822.84     2269332.32       59719.27       56070.11       62962.46        1590.94
2013-07-04   16:08:10  continuum      umbra   11782   42   450.51  -264.23   522.28    -30.39   -13.35    78.94    29.25    0.02    0.96     2920209.06     1006437.84       59202.23          54945       62969.29        2032.93
2013-07-04   16:08:10  continuum      umbra   11782   43   498.53  -263.73   563.99    -27.88   -13.42    82.44    32.75       0    0.18      536291.77      179152.06       59717.35       59384.89        59950.1         241.28
2013-07-04   16:08:10  continuum      umbra   11782   44   428.77   -260.5    501.7    -31.28   -13.07    77.37    27.68       0    0.22       674445.2      239651.05       59912.76        58803.3       61240.43        1113.18
2013-07-04   16:08:10  continuum      umbra   11782   45    -9999    -9999    -9999     -9999    -9999    -9999    -9999       0       0              0              0          -9999          -9999          -9999          -9999
2013-07-04   16:08:10  continuum   penumbra   11782    1   471.89  -317.86   568.96    -33.96   -16.82    81.05    31.35       0    0.12      365510.21      117302.53       58651.27       58424.87       58877.66         226.39
2013-07-04   16:08:10  continuum   penumbra   11782    2   436.33   -316.1    538.8    -35.92   -16.63    78.42    28.72       0    0.23      708717.85      232358.84       58089.71       57863.66       58198.74            135
2013-07-04   16:08:10  continuum   penumbra   11782    3   475.17  -314.08   569.59    -33.46   -16.59    81.25    31.55       0    0.12      365277.82      116457.55       58228.77       58197.74        58259.8          31.03
2013-07-04   16:08:10  continuum   penumbra   11782    4   477.43   -310.3   569.41    -33.02   -16.35    81.37    31.68       0    0.12      364740.18       115885.3       57942.65       57779.31       58105.99         163.34
2013-07-04   16:08:10  continuum   penumbra   11782    5   382.37  -308.03   491.01    -38.85   -16.01    74.51    24.82       0    0.11      338968.32      117644.36       58822.18       58621.56        59022.8         200.62
2013-07-04   16:08:10  continuum   penumbra   11782    6   454.49  -299.96   544.55    -33.42   -15.63    79.57    29.87       0    0.12      354434.29      117994.61       58997.31       58888.25       59106.37         109.06
2013-07-04   16:08:10  continuum   penumbra   11782    7   469.37  -300.21   557.16     -32.6   -15.68    80.66    30.97       0    0.12      358927.06      118758.95       59379.47        59361.1       59397.85          18.37
2013-07-04   16:08:10  continuum   penumbra   11782    8   419.44  -296.18   513.47    -35.23   -15.32    77.01    27.32       0    0.11       344076.4      117882.35       58941.17       58785.38       59096.97          155.8
2013-07-04   16:08:10  continuum   penumbra   11782    9   382.27  -291.54   480.76    -37.33   -14.96    74.37    24.68    0.01    0.28      836354.24       292291.2       58458.24       57892.74       58876.58         403.64
2013-07-04   16:08:10  continuum   penumbra   11782   10   486.13   -277.9   559.96    -29.75   -14.29    81.66    31.97       0    0.24      714974.96       235484.2       58871.05       58587.97        59249.8         259.18
2013-07-04   16:08:10  continuum   penumbra   11782   11   387.67  -273.48   474.43     -35.2   -13.82    74.61    24.91       0    0.11      331221.89      117206.65       58603.33       58254.46       58952.19         348.87
2013-07-04   16:08:10  continuum   penumbra   11782   12   403.98   -271.8    486.9    -33.93   -13.74    75.72    26.03    0.01    0.33      1002746.3      352742.54       58790.42       57983.15       59154.17         410.58
2013-07-04   16:08:10  continuum   penumbra   11782   13   406.98  -271.26    489.1    -33.68   -13.71    75.93    26.23    0.01    0.28      836945.73      294981.73       58996.35       58554.42       59218.84         242.87
2013-07-04   16:08:10  continuum   penumbra   11782   14   494.83   -269.2   563.32    -28.55   -13.76    82.22    32.53       0    0.24      715650.09      234622.63       58655.66        58411.6       58964.52         213.42
2013-07-04   16:08:10  continuum   penumbra   11782   15   470.88  -265.92   540.78    -29.45    -13.5    80.43    30.73       0    0.11      349600.39      117754.65       58877.33       58841.56       58913.09          35.76
2013-07-04   16:08:10  continuum   penumbra   11782   16   450.58   -263.9   522.18    -30.36   -13.33    78.95    29.25       0    0.23      686981.34      234175.63       58543.91       58351.53       58897.75         211.36
2013-07-04   16:08:10  continuum   penumbra   11782   17   429.02  -260.37   501.85    -31.25   -13.06    77.39    27.69       0    0.11       337253.1      117622.25       58811.13        58803.3       58818.95           7.82
2013-07-04   16:08:10  continuum      umbra   11781    1   886.28    356.8   955.41     21.93    -9999    -9999    -9999    16.7  809.46  2461611786.14    10494805.03       61373.13       59683.04        63077.5         744.17
2013-07-04   16:08:10  continuum      umbra   11781    2   886.75   357.04   955.94     21.93    -9999    -9999    -9999   16.06  778.72  2368139382.05      124688.39       62344.19       62307.27       62381.12          36.92
2013-07-04   16:08:10  continuum      umbra   11781    3   886.75   357.04   955.93     21.93    -9999    -9999    -9999   16.07  778.93  2368763031.98      186133.28       62044.43       61718.94       62359.48          261.6
2013-07-04   16:08:10  continuum      umbra   11781    4   886.73   357.03   955.91     21.93    -9999    -9999    -9999    16.1  780.51  2373573745.73      678900.78       61718.25       60725.61       62287.26         438.19
2013-07-04   16:08:10  continuum      umbra   11781    5   886.76   357.04   955.94     21.93    -9999    -9999    -9999   16.06  778.76   2368264360.1      124415.48       62207.74       62199.25       62216.23           8.49
2013-07-04   16:08:10  continuum      umbra   11781    6   886.64   356.99   955.81     21.93    -9999    -9999    -9999   16.35  792.76  2410830338.41     3809928.29       61450.46        59301.5       62424.36         725.21
2013-07-04   16:08:10  continuum      umbra   11781    7   886.75   357.04   955.93     21.93    -9999    -9999    -9999   16.07  778.93  2368767193.21      186158.53       62052.84       61882.94       62267.83         160.33
2013-07-04   16:08:10  continuum      umbra   11781    8   886.76   357.04   955.94     21.93    -9999    -9999    -9999   16.06  778.78  2368313639.78      123833.03       61916.51       61872.58       61960.44          43.93
2013-07-04   16:08:10  continuum      umbra   11781    9   886.75   357.04   955.93     21.93    -9999    -9999    -9999   16.06  778.67  2367981857.44      124332.12       62166.06       62036.16       62295.96          129.9
2013-07-04   16:08:10  continuum      umbra   11781   10   885.61   356.96   954.84     21.95    -9999    -9999    -9999    17.2  834.05   2536383784.1    19358914.04       59749.73       38664.69       63098.76        4737.08
2013-07-04   16:08:10  continuum      umbra   11781   11   886.76   357.04   955.94     21.93    -9999    -9999    -9999   16.06  778.79   2368338597.9      124505.96       62252.98       62100.81       62405.15         152.17
2013-07-04   16:08:10  continuum      umbra   11781   12   886.75   357.04   955.93     21.93    -9999    -9999    -9999   16.07  779.22  2369633832.91      248204.66       62051.16       61567.71       62297.92          289.1
2013-07-04   16:08:10  continuum      umbra   11781   13   886.73   357.04   955.91     21.93    -9999    -9999    -9999   16.13  781.84  2377610761.42      927986.47       61865.76       61196.27       62417.67         390.94
2013-07-04   16:08:10  continuum      umbra   11781   14   886.72   357.04   955.91     21.93    -9999    -9999    -9999   16.14  782.39  2379287024.51     1046914.55       61583.21       60526.52       62237.66         543.57
2013-07-04   16:08:10  continuum      umbra   11781   15   886.75   357.04   955.93     21.93    -9999    -9999    -9999   16.06  778.66  2367958967.99      124406.04       62203.02       62034.77       62371.27         168.25
2013-07-04   16:08:10  continuum      umbra   11781   16   886.04    357.2   955.33     21.96    -9999    -9999    -9999   17.12  830.07  2524299745.29    14984866.69       61413.39       58527.85       62609.65          755.6
2013-07-04   16:08:10  continuum      umbra   11781   17   886.75   357.05   955.93     21.93    -9999    -9999    -9999   16.08  779.51   2370537778.6      310349.42       62069.88       61589.14       62316.47         265.84
2013-07-04   16:08:10  continuum      umbra   11781   18   886.75   357.05   955.94     21.93    -9999    -9999    -9999   16.06  778.72  2368143159.55      124422.46       62211.23          62184       62238.47          27.24
2013-07-04   16:08:10  continuum      umbra   11781   19   886.58   357.07   955.79     21.94    -9999    -9999    -9999   16.22  786.46  2391663394.81     2836689.88       61667.17       59994.09       62422.82         699.04
2013-07-04   16:08:10  continuum      umbra   11781   20   886.75   357.05   955.93     21.93    -9999    -9999    -9999   16.07  779.04  2369093757.93       186566.4        62188.8       62065.38       62357.86         123.69
2013-07-04   16:08:10  continuum      umbra   11781   21   886.74   357.05   955.92     21.93    -9999    -9999    -9999   16.07  779.24  2369718877.49      308743.56       61748.71       61115.43       62410.69         542.65
2013-07-04   16:08:10  continuum   penumbra   11781    1   886.28    356.8   955.41     21.93    -9999    -9999    -9999    16.7  809.46  2461611786.14    10494805.03       61373.13       59683.04        63077.5         744.17
2013-07-04   16:08:10  continuum   penumbra   11781    2   886.75   357.04   955.94     21.93    -9999    -9999    -9999   16.06  778.72  2368139382.05      124688.39       62344.19       62307.27       62381.12          36.92
2013-07-04   16:08:10  continuum   penumbra   11781    3   886.75   357.04   955.93     21.93    -9999    -9999    -9999   16.07  778.93  2368763031.98      186133.28       62044.43       61718.94       62359.48          261.6
2013-07-04   16:08:10  continuum   penumbra   11781    4   886.73   357.03   955.91     21.93    -9999    -9999    -9999    16.1  780.51  2373573745.73      678900.78       61718.25       60725.61       62287.26         438.19
2013-07-04   16:08:10  continuum   penumbra   11781    5   886.76   357.04   955.94     21.93    -9999    -9999    -9999   16.06  778.76   2368264360.1      124415.48       62207.74       62199.25       62216.23           8.49
2013-07-04   16:08:10  continuum   penumbra   11781    6   886.64   356.99   955.81     21.93    -9999    -9999    -9999   16.35  792.76  2410830338.41     3809928.29       61450.46        59301.5       62424.36         725.21
2013-07-04   16:08:10  continuum   penumbra   11781    7   886.75   357.04   955.93     21.93    -9999    -9999    -9999   16.07  778.93  2368767193.21      186158.53       62052.84       61882.94       62267.83         160.33
2013-07-04   16:08:10  continuum   penumbra   11781    8   886.76   357.04   955.94     21.93    -9999    -9999    -9999   16.06  778.78  2368313639.78      123833.03       61916.51       61872.58       61960.44          43.93
2013-07-04   16:08:10  continuum   penumbra   11781    9   886.75   357.04   955.93     21.93    -9999    -9999    -9999   16.06  778.67  2367981857.44      124332.12       62166.06       62036.16       62295.96          129.9
2013-07-04   16:08:10  continuum   penumbra   11781   10   885.61   356.96   954.84     21.95    -9999    -9999    -9999    17.2  834.05   2536383784.1    19358914.04       59749.73       38664.69       63098.76        4737.08
2013-07-04   16:08:10  continuum   penumbra   11781   11   886.76   357.04   955.94     21.93    -9999    -9999    -9999   16.06  778.79   2368338597.9      124505.96       62252.98       62100.81       62405.15         152.17
2013-07-04   16:08:10  continuum   penumbra   11781   12   886.75   357.04   955.93     21.93    -9999    -9999    -9999   16.07  779.22  2369633832.91      248204.66       62051.16       61567.71       62297.92          289.1
2013-07-04   16:08:10  continuum   penumbra   11781   13   886.73   357.04   955.91     21.93    -9999    -9999    -9999   16.13  781.84  2377610761.42      927986.47       61865.76       61196.27       62417.67         390.94
2013-07-04   16:08:10  continuum   penumbra   11781   14   886.72   357.04   955.91     21.93    -9999    -9999    -9999   16.14  782.39  2379287024.51     1046914.55       61583.21       60526.52       62237.66         543.57
2013-07-04   16:08:10  continuum   penumbra   11781   15   886.75   357.04   955.93     21.93    -9999    -9999    -9999   16.06  778.66  2367958967.99      124406.04       62203.02       62034.77       62371.27         168.25
2013-07-04   16:08:10  continuum   penumbra   11781   16   886.04    357.2   955.33     21.96    -9999    -9999    -9999   17.12  830.07  2524299745.29    14984866.69       61413.39       58527.85       62609.65          755.6
2013-07-04   16:08:10  continuum   penumbra   11781   17   886.75   357.05   955.93     21.93    -9999    -9999    -9999   16.08  779.51   2370537778.6      310349.42       62069.88       61589.14       62316.47         265.84
2013-07-04   16:08:10  continuum   penumbra   11781   18   886.75   357.05   955.94     21.93    -9999    -9999    -9999   16.06  778.72  2368143159.55      124422.46       62211.23          62184       62238.47          27.24
2013-07-04   16:08:10  continuum   penumbra   11781   19   886.58   357.07   955.79     21.94    -9999    -9999    -9999   16.22  786.46  2391663394.81     2836689.88       61667.17       59994.09       62422.82         699.04
2013-07-04   16:08:10  continuum   penumbra   11781   20   886.75   357.05   955.93     21.93    -9999    -9999    -9999   16.07  779.04  2369093757.93       186566.4        62188.8       62065.38       62357.86         123.69
2013-07-04   16:08:10  continuum   penumbra   11781   21   886.74   357.05   955.92     21.93    -9999    -9999    -9999   16.07  779.24  2369718877.49      308743.56       61748.71       61115.43       62410.69         542.65
2013-07-04   16:08:10  continuum      umbra   11785    1  -885.77  -340.26   948.87   -158.99    -9999    -9999    -9999    0.06    3.05      9283932.8      1784165.7       35683.31       24944.47       47099.06        6758.55
2013-07-04   16:08:10  continuum      umbra   11785    2  -887.63  -340.39   950.66   -159.02    -9999    -9999    -9999    0.04    2.02     6136849.87     1383631.52       41928.23       35500.85       45656.85        2661.46
2013-07-04   16:08:10  continuum      umbra   11785    3  -886.29  -340.21   949.35      -159    -9999    -9999    -9999    0.06    3.08     9358182.17     1887203.28       38514.35       29753.77       46817.77        5129.14
2013-07-04   16:08:10  continuum      umbra   11785    4  -890.51  -340.68   953.45   -159.06    -9999    -9999    -9999    0.01    0.37     1111817.54      268332.46       44722.08       43579.71       46980.77        1120.62
2013-07-04   16:08:10  continuum      umbra   11785    5  -890.26  -340.63   953.21   -159.06    -9999    -9999    -9999    0.01    0.66     1993903.94      419334.28       41933.43       35368.18       46396.29        3495.17
2013-07-04   16:08:10  continuum      umbra   11785    6  -889.47  -340.55   952.43   -159.05    -9999    -9999    -9999    0.02    0.98      2978018.2      660105.06       41256.57       37367.91        46968.6        2755.19
2013-07-04   16:08:10  continuum      umbra   11785    7  -885.21  -339.92   948.23   -158.99    -9999    -9999    -9999    0.09    4.28    13002139.93     2640213.64       40003.24        28979.4       46980.75        4925.12
2013-07-04   16:08:10  continuum      umbra   11785    8  -890.77   -340.7    953.7   -159.07    -9999    -9999    -9999    0.01    0.25      763448.94       183418.9       45854.72       44444.01       46775.55         893.75
2013-07-04   16:08:10  continuum      umbra   11785    9  -890.68  -340.68   953.61   -159.07    -9999    -9999    -9999    0.01    0.32       961538.7      223198.85       44639.77       41381.45       46473.21        2021.32
2013-07-04   16:08:10  continuum      umbra   11785   10  -890.77   -340.4   953.59   -159.09    -9999    -9999    -9999    0.06    3.11     9463572.91     1053276.64       45794.64       44220.74       46994.15         752.78
2013-07-04   16:08:10  continuum      umbra   11785   11  -891.12  -340.72   954.04   -159.08    -9999    -9999    -9999    0.01    0.25      758267.71       93951.37       46975.68       46932.47       47018.89          43.21
2013-07-04   16:08:10  continuum      umbra   11785   12  -890.84  -340.61   953.74   -159.08    -9999    -9999    -9999    0.02    0.87     2644160.48      415081.15       46120.13       45180.75       47038.82         582.62
2013-07-04   16:08:10  continuum      umbra   11785   13  -888.28  -339.37    950.9   -159.09    -9999    -9999    -9999    0.17    8.29     25206327.2     3258265.57       38332.54       26581.69       46948.49        5772.99
2013-07-04   16:08:10  continuum      umbra   11785   14  -889.68  -339.18   952.14   -159.13    -9999    -9999    -9999    0.24   11.76     35770078.8      3621558.8       40691.67        31299.1       47042.39        4075.22
2013-07-04   16:08:10  continuum      umbra   11785   15  -891.12  -340.72   954.04   -159.08    -9999    -9999    -9999    0.01    0.25      763633.06       91493.43       45746.71       45083.07       46410.35         663.64
2013-07-04   16:08:10  continuum      umbra   11785   16   -890.5  -340.34   953.32   -159.08    -9999    -9999    -9999    0.05     2.4     7307903.98     1003335.52       43623.28       37638.43       47055.16        2512.22
2013-07-04   16:08:10  continuum      umbra   11785   17  -890.06  -340.16   952.84   -159.08    -9999    -9999    -9999    0.07    3.22     9805370.24     1424740.75       43173.96       39360.67       46917.54        2318.37
2013-07-04   16:08:10  continuum      umbra   11785   18  -890.81  -340.53   953.67   -159.08    -9999    -9999    -9999    0.03    1.23     3751386.78      525618.88       43801.57       40201.67       46812.37        2054.89
2013-07-04   16:08:10  continuum      umbra   11785   19  -887.69  -338.74   950.12   -159.11    -9999    -9999    -9999    0.21   10.13    30801322.15     3884256.65       36992.92       24020.94       47096.04        6579.27
2013-07-04   16:08:10  continuum      umbra   11785   20  -890.83  -340.54    953.7   -159.08    -9999    -9999    -9999    0.02    1.12     3400300.82      467765.79       42524.16       38919.58       46473.42        2827.11
2013-07-04   16:08:10  continuum      umbra   11785   21  -889.94  -339.92   952.65    -159.1    -9999    -9999    -9999    0.09    4.31    13106510.02     1896438.65        45153.3       42125.74       46946.95        1386.64
2013-07-04   16:08:10  continuum      umbra   11785   22  -890.01  -339.99   952.74   -159.09    -9999    -9999    -9999    0.08    3.83    11637514.99     1454266.83       38270.18        27160.5       47025.33        5913.26
2013-07-04   16:08:10  continuum      umbra   11785   23  -890.72   -340.2   953.48    -159.1    -9999    -9999    -9999    0.07    3.54    10753336.98     1128510.58       41796.69       38364.78       46999.12        2429.95
2013-07-04   16:08:10  continuum      umbra   11785   24   -891.1  -340.71   954.01   -159.08    -9999    -9999    -9999       0    0.19      591980.81        92157.8        46078.9       46055.54       46102.26          23.36
2013-07-04   16:08:10  continuum      umbra   11785   25  -881.12  -338.22   943.81      -159   -20.87   -37.57   -87.27    0.16    7.64    23233846.78      4583274.2       38514.91       28206.58        46989.1        5003.94
2013-07-04   16:08:10  continuum      umbra   11785   26  -889.23  -338.57    951.5   -159.16    -9999    -9999    -9999    0.24   11.54     35100957.1     3780287.32       38574.36       26524.38       47046.09        6245.49
2013-07-04   16:08:10  continuum      umbra   11785   27  -891.05  -340.59   953.93   -159.08    -9999    -9999    -9999    0.02    0.91     2769724.71      289677.62       41382.52       37746.56        46502.6        2812.99
2013-07-04   16:08:10  continuum      umbra   11785   28  -891.12   -340.7   954.03   -159.08    -9999    -9999    -9999       0    0.23       691392.3       91611.55       45805.77       45792.26       45819.29          13.52
2013-07-04   16:08:10  continuum      umbra   11785   29  -883.57   -338.5   946.19   -159.04    -9999    -9999    -9999    0.13     6.3    19150027.12     3296876.26       34342.46        23757.4       47106.13        6544.17
2013-07-04   16:08:10  continuum      umbra   11785   30  -890.55  -340.11   953.28    -159.1    -9999    -9999    -9999    0.06    2.82     8587457.87     1084110.43       41696.56       36176.28       46709.73        2942.29
2013-07-04   16:08:10  continuum      umbra   11785   31  -889.75   -340.3   952.61   -159.07    -9999    -9999    -9999    0.02    1.19     3627876.39      775383.48       43076.86       35660.95       47034.35        2586.82
2013-07-04   16:08:10  continuum      umbra   11785   32  -889.77  -339.19   952.23   -159.13    -9999    -9999    -9999    0.14       7    21289687.47      2452190.9       38923.67       29952.56       47027.09        4940.83
2013-07-04   16:08:10  continuum      umbra   11785   33  -890.92   -340.5   953.77   -159.08    -9999    -9999    -9999    0.02    1.07     3246392.44      436173.73       43617.37       40121.12       46699.54        2152.96
2013-07-04   16:08:10  continuum      umbra   11785   34  -890.88  -340.68    953.8   -159.07    -9999    -9999    -9999       0    0.19      564987.23      135453.91        45151.3        43791.8        46338.7        1046.86
2013-07-04   16:08:10  continuum      umbra   11785   35  -891.13   -340.7   954.04   -159.08    -9999    -9999    -9999       0    0.24      731029.61       92017.53       46008.77       44927.05       47090.49        1081.72
2013-07-04   16:08:10  continuum      umbra   11785   36  -890.54  -340.55   953.43   -159.07    -9999    -9999    -9999    0.01    0.53     1616242.93      358048.55       44756.07       42217.32       46895.53        1544.84
2013-07-04   16:08:10  continuum      umbra   11785   37  -890.33  -339.94   953.02    -159.1    -9999    -9999    -9999    0.06       3     9134888.71      1250660.1       41688.67       35005.31       47048.76         3609.5
2013-07-04   16:08:10  continuum      umbra   11785   38  -887.57  -339.47   950.27   -159.07    -9999    -9999    -9999    0.06    2.73     8299748.03     1578060.67       36699.09       26627.87       46086.54        6230.07
2013-07-04   16:08:10  continuum      umbra   11785   39     -891  -340.69   953.91   -159.07    -9999    -9999    -9999       0    0.13      391598.34       91098.78       45549.39       44084.65       47014.12        1464.73
2013-07-04   16:08:10  continuum      umbra   11785   40  -890.96  -340.41   953.77   -159.09    -9999    -9999    -9999    0.03    1.25     3815300.41      466738.61       42430.78       39333.66       46869.59        2384.28
2013-07-04   16:08:10  continuum      umbra   11785   41  -888.69  -339.78   951.43   -159.08    -9999    -9999    -9999    0.04       2     6077214.44      1244394.8       40141.77       32802.43        47102.9        4381.26
2013-07-04   16:08:10  continuum      umbra   11785   42  -890.85  -340.62   953.75   -159.08    -9999    -9999    -9999    0.01    0.26      790272.47      185924.37       46481.09       45440.55       46936.74         604.44
2013-07-04   16:08:10  continuum      umbra   11785   43  -890.68  -340.55   953.57   -159.08    -9999    -9999    -9999    0.01    0.39     1175545.34      271587.04       45264.51       43930.21       46159.25         776.92
2013-07-04   16:08:10  continuum      umbra   11785   44  -890.14  -340.32   952.98   -159.08    -9999    -9999    -9999    0.02    0.84     2555488.01      531773.38       40905.64       34376.54       46382.09        3500.83
2013-07-04   16:08:10  continuum      umbra   11785   45  -887.95  -339.28   950.56   -159.09    -9999    -9999    -9999    0.06    2.91     8856961.85     1609669.95       36583.41       25711.81       46999.54        6606.51
2013-07-04   16:08:10  continuum      umbra   11785   46  -891.01  -340.68   953.92   -159.08    -9999    -9999    -9999       0    0.13      400308.53       91666.48       45833.24       45745.71       45920.77          87.53
2013-07-04   16:08:10  continuum      umbra   11785   47  -890.31  -340.38   953.16   -159.08    -9999    -9999    -9999    0.01    0.71     2167812.36      475453.59       43223.05       38759.75       46268.26        2284.62
2013-07-04   16:08:10  continuum      umbra   11785   48     -891  -340.68   953.91   -159.08    -9999    -9999    -9999       0    0.13      383519.41       92342.57       46171.29       45977.82       46364.75         193.47
2013-07-04   16:08:10  continuum      umbra   11785   49  -887.98  -339.41   950.63   -159.08    -9999    -9999    -9999    0.05    2.47     7505833.15     1774579.19       45502.03       43266.55       47058.59        1037.34
2013-07-04   16:08:10  continuum      umbra   11785   50  -891.13  -340.68   954.03   -159.08    -9999    -9999    -9999       0    0.22      673165.59       93206.98       46603.49       46231.77       46975.21         371.72
2013-07-04   16:08:10  continuum      umbra   11785   51  -725.65  -258.79   770.41   -160.37   -13.88    -2.47   -52.16       6  290.71    884077505.5   166512761.25       35671.11        8128.72       55159.53       11657.49
2013-07-04   16:08:10  continuum      umbra   11785   52  -891.03  -340.68   953.94   -159.08    -9999    -9999    -9999       0    0.14      417460.06       93472.87       46736.44       46438.83       47034.05         297.61
2013-07-04   16:08:10  continuum      umbra   11785   53  -890.86  -340.61   953.75   -159.08    -9999    -9999    -9999    0.01    0.26      791284.28      173584.36       43396.09       40047.55       46158.78        2525.25
2013-07-04   16:08:10  continuum      umbra   11785   54  -890.99  -340.68    953.9   -159.08    -9999    -9999    -9999       0    0.13      381345.03       93560.41       46780.21       46502.93       47057.48         277.28
2013-07-04   16:08:10  continuum      umbra   11785   55  -890.39  -340.44   953.26   -159.08    -9999    -9999    -9999    0.01    0.56     1706343.26      416223.83       46247.09       45349.15        47078.6         589.65
2013-07-04   16:08:10  continuum      umbra   11785   56  -888.74  -339.75   951.47   -159.08    -9999    -9999    -9999    0.04    1.82      5541398.8     1301902.52       44893.19       42217.17       46958.07        1305.63
2013-07-04   16:08:10  continuum      umbra   11785   57  -890.48  -340.47   953.35   -159.08    -9999    -9999    -9999    0.01     0.5      1520514.5      370077.14       46259.64       45706.53       46629.81          317.7
2013-07-04   16:08:10  continuum      umbra   11785   58  -890.65  -340.47   953.51   -159.08    -9999    -9999    -9999    0.01    0.56     1691672.62      363547.23        45443.4       44593.06       46396.72         671.44
2013-07-04   16:08:10  continuum      umbra   11785   59  -890.99  -340.68    953.9   -159.08    -9999    -9999    -9999       0    0.12      379458.58       93973.35       46986.67        46910.9       47062.45          75.77
2013-07-04   16:08:10  continuum      umbra   11785   60  -890.83  -340.57   953.72   -159.08    -9999    -9999    -9999    0.01    0.34     1046105.41      230992.62       46198.52       45030.69       46979.45         887.05
2013-07-04   16:08:10  continuum      umbra   11785   61  -889.29  -339.75   951.98   -159.09    -9999    -9999    -9999    0.04    1.91     5805673.76     1121657.82       40059.21       32199.63       47090.57        4940.17
2013-07-04   16:08:10  continuum      umbra   11785   62  -886.96  -338.53   949.37   -159.11    -9999    -9999    -9999    0.09    4.18    12725358.41      2528370.8       40780.17        32440.3       46926.58        3910.05
2013-07-04   16:08:10  continuum      umbra   11785   63  -889.83  -339.99   952.57   -159.09    -9999    -9999    -9999    0.03    1.46     4446300.46      939689.77       44747.13       42120.65       46919.39        1409.59
2013-07-04   16:08:10  continuum      umbra   11785   64   -890.7   -340.5   953.57   -159.08    -9999    -9999    -9999    0.01    0.48     1466207.69      323049.14       46149.88       44635.96       47087.81          771.2
2013-07-04   16:08:10  continuum      umbra   11785   65   -890.6  -340.46   953.45   -159.08    -9999    -9999    -9999    0.01    0.53     1623913.19      371633.85       46454.23        45625.8        46972.1         462.33
2013-07-04   16:08:10  continuum      umbra   11785   66  -859.59  -320.82   917.51   -159.53   -18.98   -24.44   -74.14    0.81   39.16   119088287.09    24928821.29       43658.18       30885.76       47085.86        2752.73
2013-07-04   16:08:10  continuum      umbra   11785   67  -890.28  -340.22   953.07   -159.09    -9999    -9999    -9999    0.02    0.97     2958471.89      628650.75       44903.63       42840.12       46882.78        1273.75
2013-07-04   16:08:10  continuum      umbra   11785   68  -890.46  -340.37    953.3   -159.08    -9999    -9999    -9999    0.01    0.67     2028147.28      439820.69       43982.07        41126.6       46966.33           2091
2013-07-04   16:08:10  continuum      umbra   11785   69  -882.24  -334.92   943.68   -159.21   -20.64   -37.21   -86.91    0.22   10.85    32981534.84     6443410.89       41840.33       33085.94       47090.92        3786.88
2013-07-04   16:08:10  continuum      umbra   11785   70  -889.48  -339.71   952.15    -159.1    -9999    -9999    -9999    0.04    1.88     5712176.12      1224745.7       45360.95       42810.54       46827.49        1231.44
2013-07-04   16:08:10  continuum      umbra   11785   71  -890.57  -340.36    953.4   -159.08    -9999    -9999    -9999    0.01    0.71     2160752.03      460075.08       46007.51       44964.17       47016.94         750.71
2013-07-04   16:08:10  continuum      umbra   11785   72  -886.16  -337.77   948.35   -159.13    -9999    -9999    -9999    0.11    5.23    15905570.37      3067995.2       39844.09       26237.56       47084.54        5375.75
2013-07-04   16:08:10  continuum      umbra   11785   73  -889.53  -339.73   952.19    -159.1    -9999    -9999    -9999    0.04     1.8     5468022.08     1169937.13       44997.58       42154.75       47074.26        1483.44
2013-07-04   16:08:10  continuum      umbra   11785   74  -890.56  -340.43   953.41   -159.08    -9999    -9999    -9999    0.01    0.52     1568114.97      372859.38       46607.42       46254.96       47086.78          285.5
2013-07-04   16:08:10  continuum      umbra   11785   75  -890.72  -340.47   953.57   -159.08    -9999    -9999    -9999    0.01    0.48     1464878.44      323476.65       46210.95       45371.38       46912.59         551.19
2013-07-04   16:08:10  continuum      umbra   11785   76  -890.67  -340.47   953.53   -159.08    -9999    -9999    -9999    0.01    0.46     1413876.85       313180.6       44740.09       42253.68       47033.82        1769.99
2013-07-04   16:08:10  continuum      umbra   11785   77  -891.06  -340.67   953.96   -159.08    -9999    -9999    -9999       0    0.15      447515.88       93193.79        46596.9       46457.52       46736.27         139.38
2013-07-04   16:08:10  continuum      umbra   11785   78  -891.01  -340.67   953.92   -159.08    -9999    -9999    -9999       0    0.13      392209.37       93484.72       46742.36       46673.06       46811.67          69.31
2013-07-04   16:08:10  continuum      umbra   11785   79  -890.74  -340.42   953.57   -159.08    -9999    -9999    -9999    0.01    0.59     1791602.46      373932.38       46741.55       46341.55        47092.6         291.72
2013-07-04   16:08:10  continuum      umbra   11785   80  -890.34  -340.14    953.1   -159.09    -9999    -9999    -9999    0.02    1.09      3308232.5      697329.38       46488.63       45557.25       46994.16         428.25
2013-07-04   16:08:10  continuum      umbra   11785   81  -890.79  -340.51   953.65   -159.08    -9999    -9999    -9999    0.01    0.42     1264775.54      277536.67       46256.11       45274.78       46929.31         559.36
2013-07-04   16:08:10  continuum      umbra   11785   82   -889.2  -339.69   951.88   -159.09    -9999    -9999    -9999    0.03    1.67     5085316.52     1150314.52       44242.87       37844.72        47078.6        2484.06
2013-07-04   16:08:10  continuum      umbra   11785   83  -890.67  -340.42   953.51   -159.08    -9999    -9999    -9999    0.01    0.56     1696324.22       364318.2       45539.77        44120.7       46405.44         783.54
2013-07-04   16:08:10  continuum      umbra   11785   84  -889.11   -339.3   951.66   -159.11    -9999    -9999    -9999    0.05    2.47     7512917.34     1437380.28       41068.01       32430.14       46912.05        4151.18
2013-07-04   16:08:10  continuum      umbra   11785   85  -884.71  -335.67   946.25   -159.22    -9999    -9999    -9999    0.19    9.16    27864644.03     5239601.61       41916.81       27227.97       47066.98        4298.37
2013-07-04   16:08:10  continuum      umbra   11785   86  -889.36  -339.75   952.05   -159.09    -9999    -9999    -9999    0.03    1.54     4696302.46     1098960.57       45790.02       44403.07       46962.13         699.65
2013-07-04   16:08:10  continuum      umbra   11785   87  -890.52  -340.37   953.35   -159.08    -9999    -9999    -9999    0.01    0.59      1793158.7      390687.59       43409.73       38820.19       47007.81        2847.65
2013-07-04   16:08:10  continuum      umbra   11785   88  -891.01  -340.67   953.92   -159.08    -9999    -9999    -9999       0    0.13      389586.71       93105.36       46552.68       46390.78       46714.58          161.9
2013-07-04   16:08:10  continuum      umbra   11785   89  -890.33  -340.12   953.08   -159.09    -9999    -9999    -9999    0.02    1.08     3285869.69      682895.92       45526.39       44268.22       46649.21         800.03
2013-07-04   16:08:10  continuum      umbra   11785   90   -890.7  -340.37   953.52   -159.09    -9999    -9999    -9999    0.01    0.67     2036126.24      417963.72       46440.41       45433.01       46834.68         396.46
2013-07-04   16:08:10  continuum      umbra   11785   91  -887.55  -338.54   949.92   -159.12    -9999    -9999    -9999    0.07    3.42    10409752.38     2054867.91       39516.69        31093.7       46955.17        4011.18
2013-07-04   16:08:10  continuum      umbra   11785   92  -887.98  -338.96   950.48   -159.11    -9999    -9999    -9999    0.06    2.68     8151135.79     1913370.79       45556.45       43824.02       47102.28            919
2013-07-04   16:08:10  continuum      umbra   11785   93     -869   -321.8   926.67   -159.68    -19.2    -27.2   -76.89    0.72   34.74   105637760.93    15627613.41       32831.12        14001.9       47085.99        9645.87
2013-07-04   16:08:10  continuum      umbra   11785   94  -890.64  -340.36   953.47   -159.09    -9999    -9999    -9999    0.01    0.64     1943491.97      398662.43       44295.83       41527.37        46967.8        1991.81
2013-07-04   16:08:10  continuum      umbra   11785   95  -890.98  -340.62   953.87   -159.08    -9999    -9999    -9999       0    0.21       639554.8      134762.18       44920.73       43826.44       46413.97        1093.37
2013-07-04   16:08:10  continuum      umbra   11785   96   -890.7  -340.36   953.52   -159.09    -9999    -9999    -9999    0.01    0.67     2030786.18      409226.41        45469.6       44365.29       46867.79          679.2
2013-07-04   16:08:10  continuum      umbra   11785   97  -890.78  -340.45   953.62   -159.08    -9999    -9999    -9999    0.01     0.5     1534284.75      313570.03       44795.72       42599.34       46620.44        1424.98
2013-07-04   16:08:10  continuum      umbra   11785   98  -889.51  -339.49   952.09   -159.11    -9999    -9999    -9999    0.04    2.06     6259618.83     1135805.68       39165.71       31902.32       47045.93        4363.94
2013-07-04   16:08:10  continuum      umbra   11785   99  -890.41  -340.09   953.15    -159.1    -9999    -9999    -9999    0.02    1.12     3407647.82      670518.37       44701.22       41923.31       46873.95        1207.19
2013-07-04   16:08:10  continuum      umbra   11785  100  -891.03  -340.66   953.93   -159.08    -9999    -9999    -9999       0    0.13      409902.74        93774.6        46887.3       46874.68       46899.92          12.62
2013-07-04   16:08:10  continuum      umbra   11785  101  -890.34  -340.22   953.13   -159.09    -9999    -9999    -9999    0.02     0.8      2418609.7      528051.45       44004.29       40860.65       46908.71        1923.48
2013-07-04   16:08:10  continuum      umbra   11785  102     -891  -340.66    953.9   -159.08    -9999    -9999    -9999       0    0.12      379224.55       92686.61       46343.31       45922.46       46764.15         420.85
2013-07-04   16:08:10  continuum      umbra   11785  103  -890.98  -340.62   953.87   -159.08    -9999    -9999    -9999       0    0.21      630520.78      137444.36       45814.79       45222.02       46144.23         420.02
2013-07-04   16:08:10  continuum      umbra   11785  104  -891.01  -340.66   953.91   -159.08    -9999    -9999    -9999       0    0.13      383116.17       94082.29       47041.15       46999.15       47083.14             42
2013-07-04   16:08:10  continuum      umbra   11785  105  -891.05  -340.66   953.95   -159.08    -9999    -9999    -9999       0    0.14      431823.45       90150.04       45075.02       44076.34        46073.7         998.68
2013-07-04   16:08:10  continuum      umbra   11785  106   -887.7  -338.65    950.1   -159.12    -9999    -9999    -9999    0.06    3.02      9168915.1     1877913.69       39955.61       33430.67       46816.67        4176.84
2013-07-04   16:08:10  continuum      umbra   11785  107  -885.18  -337.29   947.26   -159.14    -9999    -9999    -9999     0.1    4.82    14659799.27     3300601.48       42864.95       35339.58       47030.44        3281.45
2013-07-04   16:08:10  continuum      umbra   11785  108  -890.67  -340.34   953.48   -159.09    -9999    -9999    -9999    0.01    0.65     1967688.37         403922       44880.22       42366.99       47067.96        1450.59
2013-07-04   16:08:10  continuum      umbra   11785  109  -876.54  -330.12   936.65   -159.36   -19.97    -31.2    -80.9    0.34   16.42    49923359.02     9799255.64       40326.15       26342.61       46985.47         5825.4
2013-07-04   16:08:10  continuum      umbra   11785  110  -889.45  -339.33   951.98   -159.12    -9999    -9999    -9999    0.05    2.21     6725811.46     1356611.63       43761.67       38314.94       46871.67        2240.83
2013-07-04   16:08:10  continuum      umbra   11785  111  -889.31   -339.7   951.98   -159.09    -9999    -9999    -9999    0.03    1.43     4345576.73      935700.74       40682.64       33955.05       46786.18        4104.24
2013-07-04   16:08:10  continuum      umbra   11785  112  -890.76  -340.38   953.58   -159.09    -9999    -9999    -9999    0.01    0.59     1803452.39      349032.06       43629.01       40802.08       46653.48        2166.81
2013-07-04   16:08:10  continuum      umbra   11785  113  -890.12  -339.86    952.8    -159.1    -9999    -9999    -9999    0.03    1.36     4133313.95      820362.19       43176.96       39478.85       46158.01        1961.36
2013-07-04   16:08:10  continuum      umbra   11785  114  -890.66  -340.27   953.45   -159.09    -9999    -9999    -9999    0.02    0.74     2248941.41      464177.23       46417.72       45749.77       47072.67         350.08
2013-07-04   16:08:10  continuum      umbra   11785  115  -890.64  -340.46    953.5   -159.08    -9999    -9999    -9999    0.01    0.36      1101124.5      276185.15       46030.86       44457.03       46676.12         747.99
2013-07-04   16:08:10  continuum      umbra   11785  116  -889.41   -339.5   952.01   -159.11    -9999    -9999    -9999    0.04    1.72     5219630.24     1084996.68       41730.64       35068.84          46968         3623.4
2013-07-04   16:08:10  continuum      umbra   11785  117  -889.75  -339.69   952.39    -159.1    -9999    -9999    -9999    0.03    1.48     4491902.41      956042.29       43456.47       38114.34       47100.59        2955.39
2013-07-04   16:08:10  continuum      umbra   11785  118  -890.84  -340.41   953.66   -159.09    -9999    -9999    -9999    0.01    0.53     1619183.66         324514       46359.14       45407.61       47031.44         649.09
2013-07-04   16:08:10  continuum      umbra   11785  119  -890.89  -340.51   953.75   -159.08    -9999    -9999    -9999    0.01    0.36     1086432.61      229466.75       45893.35        44142.6       46848.24         1007.4
2013-07-04   16:08:10  continuum      umbra   11785  120  -890.69  -340.45   953.54   -159.08    -9999    -9999    -9999    0.01    0.37     1139861.75      269923.26       44987.21       43814.06       46722.21         915.16
2013-07-04   16:08:10  continuum      umbra   11785  121  -891.06  -340.65   953.95   -159.08    -9999    -9999    -9999       0    0.14      435055.46       92218.67       46109.33       45609.89       46608.78         499.45
2013-07-04   16:08:10  continuum      umbra   11785  122  -885.79  -336.42   947.52    -159.2    -9999    -9999    -9999    0.12    5.86     17817325.8     3397967.54        39057.1        29874.5       47070.95        4506.57
2013-07-04   16:08:10  continuum      umbra   11785  123  -888.92  -339.04   951.38   -159.12    -9999    -9999    -9999    0.05    2.25     6836534.59     1341209.15       39447.33       33573.39       46759.69        4099.16
2013-07-04   16:08:10  continuum      umbra   11785  124  -890.33  -340.14   953.09   -159.09    -9999    -9999    -9999    0.02    0.78     2373894.93      515574.18       42964.52       38500.94       47079.18        3017.73
2013-07-04   16:08:10  continuum      umbra   11785  125  -890.95   -340.6   953.84   -159.08    -9999    -9999    -9999       0    0.19      591340.01      137171.85       45723.95       45048.35       46587.97         642.51
2013-07-04   16:08:10  continuum      umbra   11785  126  -890.95   -340.6   953.84   -159.08    -9999    -9999    -9999       0    0.19       589974.4      136980.66       45660.22          44553       46999.52        1012.18
2013-07-04   16:08:10  continuum      umbra   11785  127  -890.33  -340.19   953.11   -159.09    -9999    -9999    -9999    0.01    0.69        2109008       505296.3       45936.03       45475.05       46386.97         314.28
2013-07-04   16:08:10  continuum      umbra   11785  128   -890.6  -340.34   953.42   -159.09    -9999    -9999    -9999    0.01    0.52      1573634.7      347074.65       43384.33       39600.22       46407.93        1921.88
2013-07-04   16:08:10  continuum      umbra   11785  129  -890.87  -340.54   953.74   -159.08    -9999    -9999    -9999    0.01    0.25      773239.52      180301.74       45075.43       44483.85       45644.02         479.24
2013-07-04   16:08:10  continuum      umbra   11785  130  -890.59  -340.33    953.4   -159.09    -9999    -9999    -9999    0.01    0.51     1558474.71         346971       43371.38       39186.02       46696.13        2187.99
2013-07-04   16:08:10  continuum      umbra   11785  131  -891.01  -340.64   953.91   -159.08    -9999    -9999    -9999       0    0.13      383748.84       92851.94       46425.97       46036.79       46815.15         389.18
2013-07-04   16:08:10  continuum   penumbra   11785    1  -885.77  -340.26   948.87   -158.99    -9999    -9999    -9999    0.06    3.05      9283932.8      1784165.7       35683.31       24944.47       47099.06        6758.55
2013-07-04   16:08:10  continuum   penumbra   11785    2  -887.63  -340.39   950.66   -159.02    -9999    -9999    -9999    0.04    2.02     6136849.87     1383631.52       41928.23       35500.85       45656.85        2661.46
2013-07-04   16:08:10  continuum   penumbra   11785    3  -886.29  -340.21   949.35      -159    -9999    -9999    -9999    0.06    3.08     9358182.17     1887203.28       38514.35       29753.77       46817.77        5129.14
2013-07-04   16:08:10  continuum   penumbra   11785    4  -890.51  -340.68   953.45   -159.06    -9999    -9999    -9999    0.01    0.37     1111817.54      268332.46       44722.08       43579.71       46980.77        1120.62
2013-07-04   16:08:10  continuum   penumbra   11785    5  -890.26  -340.63   953.21   -159.06    -9999    -9999    -9999    0.01    0.66     1993903.94      419334.28       41933.43       35368.18       46396.29        3495.17
2013-07-04   16:08:10  continuum   penumbra   11785    6  -889.47  -340.55   952.43   -159.05    -9999    -9999    -9999    0.02    0.98      2978018.2      660105.06       41256.57       37367.91        46968.6        2755.19
2013-07-04   16:08:10  continuum   penumbra   11785    7  -885.21  -339.92   948.23   -158.99    -9999    -9999    -9999    0.09    4.28    13002139.93     2640213.64       40003.24        28979.4       46980.75        4925.12
2013-07-04   16:08:10  continuum   penumbra   11785    8  -890.77   -340.7    953.7   -159.07    -9999    -9999    -9999    0.01    0.25      763448.94       183418.9       45854.72       44444.01       46775.55         893.75
2013-07-04   16:08:10  continuum   penumbra   11785    9  -890.68  -340.68   953.61   -159.07    -9999    -9999    -9999    0.01    0.32       961538.7      223198.85       44639.77       41381.45       46473.21        2021.32
2013-07-04   16:08:10  continuum   penumbra   11785   10  -890.77   -340.4   953.59   -159.09    -9999    -9999    -9999    0.06    3.11     9463572.91     1053276.64       45794.64       44220.74       46994.15         752.78
2013-07-04   16:08:10  continuum   penumbra   11785   11  -891.12  -340.72   954.04   -159.08    -9999    -9999    -9999    0.01    0.25      758267.71       93951.37       46975.68       46932.47       47018.89          43.21
2013-07-04   16:08:10  continuum   penumbra   11785   12  -890.84  -340.61   953.74   -159.08    -9999    -9999    -9999    0.02    0.87     2644160.48      415081.15       46120.13       45180.75       47038.82         582.62
2013-07-04   16:08:10  continuum   penumbra   11785   13  -888.28  -339.37    950.9   -159.09    -9999    -9999    -9999    0.17    8.29     25206327.2     3258265.57       38332.54       26581.69       46948.49        5772.99
2013-07-04   16:08:10  continuum   penumbra   11785   14  -889.68  -339.18   952.14   -159.13    -9999    -9999    -9999    0.24   11.76     35770078.8      3621558.8       40691.67        31299.1       47042.39        4075.22
2013-07-04   16:08:10  continuum   penumbra   11785   15  -891.12  -340.72   954.04   -159.08    -9999    -9999    -9999    0.01    0.25      763633.06       91493.43       45746.71       45083.07       46410.35         663.64
2013-07-04   16:08:10  continuum   penumbra   11785   16   -890.5  -340.34   953.32   -159.08    -9999    -9999    -9999    0.05     2.4     7307903.98     1003335.52       43623.28       37638.43       47055.16        2512.22
2013-07-04   16:08:10  continuum   penumbra   11785   17  -890.06  -340.16   952.84   -159.08    -9999    -9999    -9999    0.07    3.22     9805370.24     1424740.75       43173.96       39360.67       46917.54        2318.37
2013-07-04   16:08:10  continuum   penumbra   11785   18  -890.81  -340.53   953.67   -159.08    -9999    -9999    -9999    0.03    1.23     3751386.78      525618.88       43801.57       40201.67       46812.37        2054.89
2013-07-04   16:08:10  continuum   penumbra   11785   19  -887.69  -338.74   950.12   -159.11    -9999    -9999    -9999    0.21   10.13    30801322.15     3884256.65       36992.92       24020.94       47096.04        6579.27
2013-07-04   16:08:10  continuum   penumbra   11785   20  -890.83  -340.54    953.7   -159.08    -9999    -9999    -9999    0.02    1.12     3400300.82      467765.79       42524.16       38919.58       46473.42        2827.11
2013-07-04   16:08:10  continuum   penumbra   11785   21  -889.94  -339.92   952.65    -159.1    -9999    -9999    -9999    0.09    4.31    13106510.02     1896438.65        45153.3       42125.74       46946.95        1386.64
2013-07-04   16:08:10  continuum   penumbra   11785   22  -890.01  -339.99   952.74   -159.09    -9999    -9999    -9999    0.08    3.83    11637514.99     1454266.83       38270.18        27160.5       47025.33        5913.26
2013-07-04   16:08:10  continuum   penumbra   11785   23  -890.72   -340.2   953.48    -159.1    -9999    -9999    -9999    0.07    3.54    10753336.98     1128510.58       41796.69       38364.78       46999.12        2429.95
2013-07-04   16:08:10  continuum   penumbra   11785   24   -891.1  -340.71   954.01   -159.08    -9999    -9999    -9999       0    0.19      591980.81        92157.8        46078.9       46055.54       46102.26          23.36
2013-07-04   16:08:10  continuum   penumbra   11785   25  -881.12  -338.22   943.81      -159   -20.87   -37.57   -87.27    0.16    7.64    23233846.78      4583274.2       38514.91       28206.58        46989.1        5003.94
2013-07-04   16:08:10  continuum   penumbra   11785   26  -889.23  -338.57    951.5   -159.16    -9999    -9999    -9999    0.24   11.54     35100957.1     3780287.32       38574.36       26524.38       47046.09        6245.49
2013-07-04   16:08:10  continuum   penumbra   11785   27  -891.05  -340.59   953.93   -159.08    -9999    -9999    -9999    0.02    0.91     2769724.71      289677.62       41382.52       37746.56        46502.6        2812.99
2013-07-04   16:08:10  continuum   penumbra   11785   28  -891.12   -340.7   954.03   -159.08    -9999    -9999    -9999       0    0.23       691392.3       91611.55       45805.77       45792.26       45819.29          13.52
2013-07-04   16:08:10  continuum   penumbra   11785   29  -883.57   -338.5   946.19   -159.04    -9999    -9999    -9999    0.13     6.3    19150027.12     3296876.26       34342.46        23757.4       47106.13        6544.17
2013-07-04   16:08:10  continuum   penumbra   11785   30  -890.55  -340.11   953.28    -159.1    -9999    -9999    -9999    0.06    2.82     8587457.87     1084110.43       41696.56       36176.28       46709.73        2942.29
2013-07-04   16:08:10  continuum   penumbra   11785   31  -889.75   -340.3   952.61   -159.07    -9999    -9999    -9999    0.02    1.19     3627876.39      775383.48       43076.86       35660.95       47034.35        2586.82
2013-07-04   16:08:10  continuum   penumbra   11785   32  -889.77  -339.19   952.23   -159.13    -9999    -9999    -9999    0.14       7    21289687.47      2452190.9       38923.67       29952.56       47027.09        4940.83
2013-07-04   16:08:10  continuum   penumbra   11785   33  -890.92   -340.5   953.77   -159.08    -9999    -9999    -9999    0.02    1.07     3246392.44      436173.73       43617.37       40121.12       46699.54        2152.96
2013-07-04   16:08:10  continuum   penumbra   11785   34  -890.88  -340.68    953.8   -159.07    -9999    -9999    -9999       0    0.19      564987.23      135453.91        45151.3        43791.8        46338.7        1046.86
2013-07-04   16:08:10  continuum   penumbra   11785   35  -891.13   -340.7   954.04   -159.08    -9999    -9999    -9999       0    0.24      731029.61       92017.53       46008.77       44927.05       47090.49        1081.72
2013-07-04   16:08:10  continuum   penumbra   11785   36  -890.54  -340.55   953.43   -159.07    -9999    -9999    -9999    0.01    0.53     1616242.93      358048.55       44756.07       42217.32       46895.53        1544.84
2013-07-04   16:08:10  continuum   penumbra   11785   37  -890.33  -339.94   953.02    -159.1    -9999    -9999    -9999    0.06       3     9134888.71      1250660.1       41688.67       35005.31       47048.76         3609.5
2013-07-04   16:08:10  continuum   penumbra   11785   38  -887.57  -339.47   950.27   -159.07    -9999    -9999    -9999    0.06    2.73     8299748.03     1578060.67       36699.09       26627.87       46086.54        6230.07
2013-07-04   16:08:10  continuum   penumbra   11785   39     -891  -340.69   953.91   -159.07    -9999    -9999    -9999       0    0.13      391598.34       91098.78       45549.39       44084.65       47014.12        1464.73
2013-07-04   16:08:10  continuum   penumbra   11785   40  -890.96  -340.41   953.77   -159.09    -9999    -9999    -9999    0.03    1.25     3815300.41      466738.61       42430.78       39333.66       46869.59        2384.28
2013-07-04   16:08:10  continuum   penumbra   11785   41  -888.69  -339.78   951.43   -159.08    -9999    -9999    -9999    0.04       2     6077214.44      1244394.8       40141.77       32802.43        47102.9        4381.26
2013-07-04   16:08:10  continuum   penumbra   11785   42  -890.85  -340.62   953.75   -159.08    -9999    -9999    -9999    0.01    0.26      790272.47      185924.37       46481.09       45440.55       46936.74         604.44
2013-07-04   16:08:10  continuum   penumbra   11785   43  -890.68  -340.55   953.57   -159.08    -9999    -9999    -9999    0.01    0.39     1175545.34      271587.04       45264.51       43930.21       46159.25         776.92
2013-07-04   16:08:10  continuum   penumbra   11785   44  -890.14  -340.32   952.98   -159.08    -9999    -9999    -9999    0.02    0.84     2555488.01      531773.38       40905.64       34376.54       46382.09        3500.83
2013-07-04   16:08:10  continuum   penumbra   11785   45  -887.95  -339.28   950.56   -159.09    -9999    -9999    -9999    0.06    2.91     8856961.85     1609669.95       36583.41       25711.81       46999.54        6606.51
2013-07-04   16:08:10  continuum   penumbra   11785   46  -891.01  -340.68   953.92   -159.08    -9999    -9999    -9999       0    0.13      400308.53       91666.48       45833.24       45745.71       45920.77          87.53
2013-07-04   16:08:10  continuum   penumbra   11785   47  -890.31  -340.38   953.16   -159.08    -9999    -9999    -9999    0.01    0.71     2167812.36      475453.59       43223.05       38759.75       46268.26        2284.62
2013-07-04   16:08:10  continuum   penumbra   11785   48     -891  -340.68   953.91   -159.08    -9999    -9999    -9999       0    0.13      383519.41       92342.57       46171.29       45977.82       46364.75         193.47
2013-07-04   16:08:10  continuum   penumbra   11785   49  -887.98  -339.41   950.63   -159.08    -9999    -9999    -9999    0.05    2.47     7505833.15     1774579.19       45502.03       43266.55       47058.59        1037.34
2013-07-04   16:08:10  continuum   penumbra   11785   50  -891.13  -340.68   954.03   -159.08    -9999    -9999    -9999       0    0.22      673165.59       93206.98       46603.49       46231.77       46975.21         371.72
2013-07-04   16:08:10  continuum   penumbra   11785   51  -725.65  -258.79   770.41   -160.37   -13.88    -2.47   -52.16       6  290.71    884077505.5   166512761.25       35671.11        8128.72       55159.53       11657.49
2013-07-04   16:08:10  continuum   penumbra   11785   52  -891.03  -340.68   953.94   -159.08    -9999    -9999    -9999       0    0.14      417460.06       93472.87       46736.44       46438.83       47034.05         297.61
2013-07-04   16:08:10  continuum   penumbra   11785   53  -890.86  -340.61   953.75   -159.08    -9999    -9999    -9999    0.01    0.26      791284.28      173584.36       43396.09       40047.55       46158.78        2525.25
2013-07-04   16:08:10  continuum   penumbra   11785   54  -890.99  -340.68    953.9   -159.08    -9999    -9999    -9999       0    0.13      381345.03       93560.41       46780.21       46502.93       47057.48         277.28
2013-07-04   16:08:10  continuum   penumbra   11785   55  -890.39  -340.44   953.26   -159.08    -9999    -9999    -9999    0.01    0.56     1706343.26      416223.83       46247.09       45349.15        47078.6         589.65
2013-07-04   16:08:10  continuum   penumbra   11785   56  -888.74  -339.75   951.47   -159.08    -9999    -9999    -9999    0.04    1.82      5541398.8     1301902.52       44893.19       42217.17       46958.07        1305.63
2013-07-04   16:08:10  continuum   penumbra   11785   57  -890.48  -340.47   953.35   -159.08    -9999    -9999    -9999    0.01     0.5      1520514.5      370077.14       46259.64       45706.53       46629.81          317.7
2013-07-04   16:08:10  continuum   penumbra   11785   58  -890.65  -340.47   953.51   -159.08    -9999    -9999    -9999    0.01    0.56     1691672.62      363547.23        45443.4       44593.06       46396.72         671.44
2013-07-04   16:08:10  continuum   penumbra   11785   59  -890.99  -340.68    953.9   -159.08    -9999    -9999    -9999       0    0.12      379458.58       93973.35       46986.67        46910.9       47062.45          75.77
2013-07-04   16:08:10  continuum   penumbra   11785   60  -890.83  -340.57   953.72   -159.08    -9999    -9999    -9999    0.01    0.34     1046105.41      230992.62       46198.52       45030.69       46979.45         887.05
2013-07-04   16:08:10  continuum   penumbra   11785   61  -889.29  -339.75   951.98   -159.09    -9999    -9999    -9999    0.04    1.91     5805673.76     1121657.82       40059.21       32199.63       47090.57        4940.17
2013-07-04   16:08:10  continuum   penumbra   11785   62  -886.96  -338.53   949.37   -159.11    -9999    -9999    -9999    0.09    4.18    12725358.41      2528370.8       40780.17        32440.3       46926.58        3910.05
2013-07-04   16:08:10  continuum   penumbra   11785   63  -889.83  -339.99   952.57   -159.09    -9999    -9999    -9999    0.03    1.46     4446300.46      939689.77       44747.13       42120.65       46919.39        1409.59
2013-07-04   16:08:10  continuum   penumbra   11785   64   -890.7   -340.5   953.57   -159.08    -9999    -9999    -9999    0.01    0.48     1466207.69      323049.14       46149.88       44635.96       47087.81          771.2
2013-07-04   16:08:10  continuum   penumbra   11785   65   -890.6  -340.46   953.45   -159.08    -9999    -9999    -9999    0.01    0.53     1623913.19      371633.85       46454.23        45625.8        46972.1         462.33
2013-07-04   16:08:10  continuum   penumbra   11785   66  -859.59  -320.82   917.51   -159.53   -18.98   -24.44   -74.14    0.81   39.16   119088287.09    24928821.29       43658.18       30885.76       47085.86        2752.73
2013-07-04   16:08:10  continuum   penumbra   11785   67  -890.28  -340.22   953.07   -159.09    -9999    -9999    -9999    0.02    0.97     2958471.89      628650.75       44903.63       42840.12       46882.78        1273.75
2013-07-04   16:08:10  continuum   penumbra   11785   68  -890.46  -340.37    953.3   -159.08    -9999    -9999    -9999    0.01    0.67     2028147.28      439820.69       43982.07        41126.6       46966.33           2091
2013-07-04   16:08:10  continuum   penumbra   11785   69  -882.24  -334.92   943.68   -159.21   -20.64   -37.21   -86.91    0.22   10.85    32981534.84     6443410.89       41840.33       33085.94       47090.92        3786.88
2013-07-04   16:08:10  continuum   penumbra   11785   70  -889.48  -339.71   952.15    -159.1    -9999    -9999    -9999    0.04    1.88     5712176.12      1224745.7       45360.95       42810.54       46827.49        1231.44
2013-07-04   16:08:10  continuum   penumbra   11785   71  -890.57  -340.36    953.4   -159.08    -9999    -9999    -9999    0.01    0.71     2160752.03      460075.08       46007.51       44964.17       47016.94         750.71
2013-07-04   16:08:10  continuum   penumbra   11785   72  -886.16  -337.77   948.35   -159.13    -9999    -9999    -9999    0.11    5.23    15905570.37      3067995.2       39844.09       26237.56       47084.54        5375.75
2013-07-04   16:08:10  continuum   penumbra   11785   73  -889.53  -339.73   952.19    -159.1    -9999    -9999    -9999    0.04     1.8     5468022.08     1169937.13       44997.58       42154.75       47074.26        1483.44
2013-07-04   16:08:10  continuum   penumbra   11785   74  -890.56  -340.43   953.41   -159.08    -9999    -9999    -9999    0.01    0.52     1568114.97      372859.38       46607.42       46254.96       47086.78          285.5
2013-07-04   16:08:10  continuum   penumbra   11785   75  -890.72  -340.47   953.57   -159.08    -9999    -9999    -9999    0.01    0.48     1464878.44      323476.65       46210.95       45371.38       46912.59         551.19
2013-07-04   16:08:10  continuum   penumbra   11785   76  -890.67  -340.47   953.53   -159.08    -9999    -9999    -9999    0.01    0.46     1413876.85       313180.6       44740.09       42253.68       47033.82        1769.99
2013-07-04   16:08:10  continuum   penumbra   11785   77  -891.06  -340.67   953.96   -159.08    -9999    -9999    -9999       0    0.15      447515.88       93193.79        46596.9       46457.52       46736.27         139.38
2013-07-04   16:08:10  continuum   penumbra   11785   78  -891.01  -340.67   953.92   -159.08    -9999    -9999    -9999       0    0.13      392209.37       93484.72       46742.36       46673.06       46811.67          69.31
2013-07-04   16:08:10  continuum   penumbra   11785   79  -890.74  -340.42   953.57   -159.08    -9999    -9999    -9999    0.01    0.59     1791602.46      373932.38       46741.55       46341.55        47092.6         291.72
2013-07-04   16:08:10  continuum   penumbra   11785   80  -890.34  -340.14    953.1   -159.09    -9999    -9999    -9999    0.02    1.09      3308232.5      697329.38       46488.63       45557.25       46994.16         428.25
2013-07-04   16:08:10  continuum   penumbra   11785   81  -890.79  -340.51   953.65   -159.08    -9999    -9999    -9999    0.01    0.42     1264775.54      277536.67       46256.11       45274.78       46929.31         559.36
2013-07-04   16:08:10  continuum   penumbra   11785   82   -889.2  -339.69   951.88   -159.09    -9999    -9999    -9999    0.03    1.67     5085316.52     1150314.52       44242.87       37844.72        47078.6        2484.06
2013-07-04   16:08:10  continuum   penumbra   11785   83  -890.67  -340.42   953.51   -159.08    -9999    -9999    -9999    0.01    0.56     1696324.22       364318.2       45539.77        44120.7       46405.44         783.54
2013-07-04   16:08:10  continuum   penumbra   11785   84  -889.11   -339.3   951.66   -159.11    -9999    -9999    -9999    0.05    2.47     7512917.34     1437380.28       41068.01       32430.14       46912.05        4151.18
2013-07-04   16:08:10  continuum   penumbra   11785   85  -884.71  -335.67   946.25   -159.22    -9999    -9999    -9999    0.19    9.16    27864644.03     5239601.61       41916.81       27227.97       47066.98        4298.37
2013-07-04   16:08:10  continuum   penumbra   11785   86  -889.36  -339.75   952.05   -159.09    -9999    -9999    -9999    0.03    1.54     4696302.46     1098960.57       45790.02       44403.07       46962.13         699.65
2013-07-04   16:08:10  continuum   penumbra   11785   87  -890.52  -340.37   953.35   -159.08    -9999    -9999    -9999    0.01    0.59      1793158.7      390687.59       43409.73       38820.19       47007.81        2847.65
2013-07-04   16:08:10  continuum   penumbra   11785   88  -891.01  -340.67   953.92   -159.08    -9999    -9999    -9999       0    0.13      389586.71       93105.36       46552.68       46390.78       46714.58          161.9
2013-07-04   16:08:10  continuum   penumbra   11785   89  -890.33  -340.12   953.08   -159.09    -9999    -9999    -9999    0.02    1.08     3285869.69      682895.92       45526.39       44268.22       46649.21         800.03
2013-07-04   16:08:10  continuum   penumbra   11785   90   -890.7  -340.37   953.52   -159.09    -9999    -9999    -9999    0.01    0.67     2036126.24      417963.72       46440.41       45433.01       46834.68         396.46
2013-07-04   16:08:10  continuum   penumbra   11785   91  -887.55  -338.54   949.92   -159.12    -9999    -9999    -9999    0.07    3.42    10409752.38     2054867.91       39516.69        31093.7       46955.17        4011.18
2013-07-04   16:08:10  continuum   penumbra   11785   92  -887.98  -338.96   950.48   -159.11    -9999    -9999    -9999    0.06    2.68     8151135.79     1913370.79       45556.45       43824.02       47102.28            919
2013-07-04   16:08:10  continuum   penumbra   11785   93     -869   -321.8   926.67   -159.68    -19.2    -27.2   -76.89    0.72   34.74   105637760.93    15627613.41       32831.12        14001.9       47085.99        9645.87
2013-07-04   16:08:10  continuum   penumbra   11785   94  -890.64  -340.36   953.47   -159.09    -9999    -9999    -9999    0.01    0.64     1943491.97      398662.43       44295.83       41527.37        46967.8        1991.81
2013-07-04   16:08:10  continuum   penumbra   11785   95  -890.98  -340.62   953.87   -159.08    -9999    -9999    -9999       0    0.21       639554.8      134762.18       44920.73       43826.44       46413.97        1093.37
2013-07-04   16:08:10  continuum   penumbra   11785   96   -890.7  -340.36   953.52   -159.09    -9999    -9999    -9999    0.01    0.67     2030786.18      409226.41        45469.6       44365.29       46867.79          679.2
2013-07-04   16:08:10  continuum   penumbra   11785   97  -890.78  -340.45   953.62   -159.08    -9999    -9999    -9999    0.01     0.5     1534284.75      313570.03       44795.72       42599.34       46620.44        1424.98
2013-07-04   16:08:10  continuum   penumbra   11785   98  -889.51  -339.49   952.09   -159.11    -9999    -9999    -9999    0.04    2.06     6259618.83     1135805.68       39165.71       31902.32       47045.93        4363.94
2013-07-04   16:08:10  continuum   penumbra   11785   99  -890.41  -340.09   953.15    -159.1    -9999    -9999    -9999    0.02    1.12     3407647.82      670518.37       44701.22       41923.31       46873.95        1207.19
2013-07-04   16:08:10  continuum   penumbra   11785  100  -891.03  -340.66   953.93   -159.08    -9999    -9999    -9999       0    0.13      409902.74        93774.6        46887.3       46874.68       46899.92          12.62
2013-07-04   16:08:10  continuum   penumbra   11785  101  -890.34  -340.22   953.13   -159.09    -9999    -9999    -9999    0.02     0.8      2418609.7      528051.45       44004.29       40860.65       46908.71        1923.48
2013-07-04   16:08:10  continuum   penumbra   11785  102     -891  -340.66    953.9   -159.08    -9999    -9999    -9999       0    0.12      379224.55       92686.61       46343.31       45922.46       46764.15         420.85
2013-07-04   16:08:10  continuum   penumbra   11785  103  -890.98  -340.62   953.87   -159.08    -9999    -9999    -9999       0    0.21      630520.78      137444.36       45814.79       45222.02       46144.23         420.02
2013-07-04   16:08:10  continuum   penumbra   11785  104  -891.01  -340.66   953.91   -159.08    -9999    -9999    -9999       0    0.13      383116.17       94082.29       47041.15       46999.15       47083.14             42
2013-07-04   16:08:10  continuum   penumbra   11785  105  -891.05  -340.66   953.95   -159.08    -9999    -9999    -9999       0    0.14      431823.45       90150.04       45075.02       44076.34        46073.7         998.68
2013-07-04   16:08:10  continuum   penumbra   11785  106   -887.7  -338.65    950.1   -159.12    -9999    -9999    -9999    0.06    3.02      9168915.1     1877913.69       39955.61       33430.67       46816.67        4176.84
2013-07-04   16:08:10  continuum   penumbra   11785  107  -885.18  -337.29   947.26   -159.14    -9999    -9999    -9999     0.1    4.82    14659799.27     3300601.48       42864.95       35339.58       47030.44        3281.45
2013-07-04   16:08:10  continuum   penumbra   11785  108  -890.67  -340.34   953.48   -159.09    -9999    -9999    -9999    0.01    0.65     1967688.37         403922       44880.22       42366.99       47067.96        1450.59
2013-07-04   16:08:10  continuum   penumbra   11785  109  -876.54  -330.12   936.65   -159.36   -19.97    -31.2    -80.9    0.34   16.42    49923359.02     9799255.64       40326.15       26342.61       46985.47         5825.4
2013-07-04   16:08:10  continuum   penumbra   11785  110  -889.45  -339.33   951.98   -159.12    -9999    -9999    -9999    0.05    2.21     6725811.46     1356611.63       43761.67       38314.94       46871.67        2240.83
2013-07-04   16:08:10  continuum   penumbra   11785  111  -889.31   -339.7   951.98   -159.09    -9999    -9999    -9999    0.03    1.43     4345576.73      935700.74       40682.64       33955.05       46786.18        4104.24
2013-07-04   16:08:10  continuum   penumbra   11785  112  -890.76  -340.38   953.58   -159.09    -9999    -9999    -9999    0.01    0.59     1803452.39      349032.06       43629.01       40802.08       46653.48        2166.81
2013-07-04   16:08:10  continuum   penumbra   11785  113  -890.12  -339.86    952.8    -159.1    -9999    -9999    -9999    0.03    1.36     4133313.95      820362.19       43176.96       39478.85       46158.01        1961.36
2013-07-04   16:08:10  continuum   penumbra   11785  114  -890.66  -340.27   953.45   -159.09    -9999    -9999    -9999    0.02    0.74     2248941.41      464177.23       46417.72       45749.77       47072.67         350.08
2013-07-04   16:08:10  continuum   penumbra   11785  115  -890.64  -340.46    953.5   -159.08    -9999    -9999    -9999    0.01    0.36      1101124.5      276185.15       46030.86       44457.03       46676.12         747.99
2013-07-04   16:08:10  continuum   penumbra   11785  116  -889.41   -339.5   952.01   -159.11    -9999    -9999    -9999    0.04    1.72     5219630.24     1084996.68       41730.64       35068.84          46968         3623.4
2013-07-04   16:08:10  continuum   penumbra   11785  117  -889.75  -339.69   952.39    -159.1    -9999    -9999    -9999    0.03    1.48     4491902.41      956042.29       43456.47       38114.34       47100.59        2955.39
2013-07-04   16:08:10  continuum   penumbra   11785  118  -890.84  -340.41   953.66   -159.09    -9999    -9999    -9999    0.01    0.53     1619183.66         324514       46359.14       45407.61       47031.44         649.09
2013-07-04   16:08:10  continuum   penumbra   11785  119  -890.89  -340.51   953.75   -159.08    -9999    -9999    -9999    0.01    0.36     1086432.61      229466.75       45893.35        44142.6       46848.24         1007.4
2013-07-04   16:08:10  continuum   penumbra   11785  120  -890.69  -340.45   953.54   -159.08    -9999    -9999    -9999    0.01    0.37     1139861.75      269923.26       44987.21       43814.06       46722.21         915.16
2013-07-04   16:08:10  continuum   penumbra   11785  121  -891.06  -340.65   953.95   -159.08    -9999    -9999    -9999       0    0.14      435055.46       92218.67       46109.33       45609.89       46608.78         499.45
2013-07-04   16:08:10  continuum   penumbra   11785  122  -885.79  -336.42   947.52    -159.2    -9999    -9999    -9999    0.12    5.86     17817325.8     3397967.54        39057.1        29874.5       47070.95        4506.57
2013-07-04   16:08:10  continuum   penumbra   11785  123  -888.92  -339.04   951.38   -159.12    -9999    -9999    -9999    0.05    2.25     6836534.59     1341209.15       39447.33       33573.39       46759.69        4099.16
2013-07-04   16:08:10  continuum   penumbra   11785  124  -890.33  -340.14   953.09   -159.09    -9999    -9999    -9999    0.02    0.78     2373894.93      515574.18       42964.52       38500.94       47079.18        3017.73
2013-07-04   16:08:10  continuum   penumbra   11785  125  -890.95   -340.6   953.84   -159.08    -9999    -9999    -9999       0    0.19      591340.01      137171.85       45723.95       45048.35       46587.97         642.51
2013-07-04   16:08:10  continuum   penumbra   11785  126  -890.95   -340.6   953.84   -159.08    -9999    -9999    -9999       0    0.19       589974.4      136980.66       45660.22          44553       46999.52        1012.18
2013-07-04   16:08:10  continuum   penumbra   11785  127  -890.33  -340.19   953.11   -159.09    -9999    -9999    -9999    0.01    0.69        2109008       505296.3       45936.03       45475.05       46386.97         314.28
2013-07-04   16:08:10  continuum   penumbra   11785  128   -890.6  -340.34   953.42   -159.09    -9999    -9999    -9999    0.01    0.52      1573634.7      347074.65       43384.33       39600.22       46407.93        1921.88
2013-07-04   16:08:10  continuum   penumbra   11785  129  -890.87  -340.54   953.74   -159.08    -9999    -9999    -9999    0.01    0.25      773239.52      180301.74       45075.43       44483.85       45644.02         479.24
2013-07-04   16:08:10  continuum   penumbra   11785  130  -890.59  -340.33    953.4   -159.09    -9999    -9999    -9999    0.01    0.51     1558474.71         346971       43371.38       39186.02       46696.13        2187.99
2013-07-04   16:08:10  continuum   penumbra   11785  131  -891.01  -340.64   953.91   -159.08    -9999    -9999    -9999       0    0.13      383748.84       92851.94       46425.97       46036.79       46815.15         389.18
2013-07-04   16:08:10  continuum      umbra   11784    1   105.96  -334.58   350.96    -72.43   -17.43    56.42     6.73    0.02    0.97     2955402.62     1034465.16       54445.53       50324.04       56941.27        2266.86
2013-07-04   16:08:10  continuum      umbra   11784    2    27.48  -329.27   330.41    -85.23   -17.06    51.43     1.74    0.04    1.72     5228861.68     1765870.96       51937.38       43223.46       57093.83         3876.9
2013-07-04   16:08:10  continuum      umbra   11784    3    38.18  -320.57   322.84    -83.21    -16.5     52.1     2.41    0.51   24.88     75662678.6    22076634.57       44599.26       19590.37       58388.55       11700.01
2013-07-04   16:08:10  continuum      umbra   11784    4       52  -323.74   327.89    -80.88   -16.71    52.98     3.28    0.03    1.31     3986932.95     1404435.22       54016.74       48875.88          57108        2274.56
2013-07-04   16:08:10  continuum      umbra   11784    5    23.13  -316.96    317.8    -85.83   -16.27    51.15     1.46     0.6   28.91    87907254.72    25874331.04       44842.86       19264.37       60677.36       11150.67
2013-07-04   16:08:10  continuum      umbra   11784    6    63.28  -309.07   315.48    -78.43   -15.77    53.67     3.98     0.3   14.48     44033048.3     14586981.2       50299.94       34462.95       57085.45        5677.61
2013-07-04   16:08:10  continuum      umbra   11784    7    31.82  -308.21   309.85    -84.11   -15.71    51.69        2    0.05    2.64     8026289.56     2722668.81       51371.11       38030.68       57037.85        5112.74
2013-07-04   16:08:10  continuum      umbra   11784    8    37.92  -303.92   306.28    -82.89   -15.44    52.07     2.38    0.12    5.66    17217212.95      5553884.8       48718.29        30489.7       57089.63         7551.6
2013-07-04   16:08:10  continuum      umbra   11784    9    91.72   -304.4   317.92    -73.23   -15.48    55.46     5.76    0.03     1.6     4857029.87     1741918.11       54434.94       50222.59       56979.73        1808.69
2013-07-04   16:08:10  continuum      umbra   11784   10    29.57  -300.19   301.65    -84.37    -15.2    51.55     1.85    0.25   12.23    37194763.41    11670255.36          47248       22224.71       57088.56        9335.66
2013-07-04   16:08:10  continuum      umbra   11784   11    58.74  -290.84   296.71    -78.58   -14.61    53.36     3.67    0.49   23.56     71653124.7    22603943.92       47288.59       22217.05       59091.94         8703.2
2013-07-04   16:08:10  continuum      umbra   11784   12    62.92  -295.58    302.2    -77.98   -14.91    53.63     3.94    0.03    1.29     3910914.59        1384786          53261       47727.76       56422.48         2636.8
2013-07-04   16:08:10  continuum      umbra   11784   13     47.8  -290.79   294.69    -80.66    -14.6    52.68     2.99    0.03    1.58     4792890.92      1677297.8       52415.56       40874.68       57070.77        4453.01
2013-07-04   16:08:10  continuum      umbra   11784   14   110.87  -285.83   306.58     -68.8   -14.31    56.63     6.93    0.55   26.59    80854505.83     24569686.9       45668.56       24306.78       57026.96        8804.49
2013-07-04   16:08:10  continuum      umbra   11784   15    93.83  -287.77   302.68    -71.94   -14.42    55.56     5.87    0.03    1.48     4503766.78     1560792.07        52026.4       44984.42       57057.86        3810.08
2013-07-04   16:08:10  continuum      umbra   11784   16    66.22  -284.41   292.02    -76.89    -14.2    53.83     4.13    0.01    0.59     1792394.64      643315.27       53609.61       48748.52       56437.81        2259.07
2013-07-04   16:08:10  continuum      umbra   11784   17    87.36  -278.55   291.92    -72.59   -13.84    55.14     5.45    0.03    1.23     3728282.61     1328021.76       53120.87       45062.04       57107.02        3842.55
2013-07-04   16:08:10  continuum      umbra   11784   18    91.34   -275.6   290.34    -71.66   -13.65    55.38     5.69    0.04    2.11      6403925.2     2192499.65       50988.36       41763.52       57067.83        4808.24
2013-07-04   16:08:10  continuum      umbra   11784   19   100.85  -253.41   272.74     -68.3   -12.26    55.94     6.25    0.02    0.77     2354969.99      865560.57       54097.54       50143.45       57103.56        2115.38
2013-07-04   16:08:10  continuum      umbra   11784   20    93.66  -248.21    265.3    -69.33   -11.93    55.49     5.79    0.02    0.87     2639484.16      959473.11       53304.06        47602.2          56831        2734.23
2013-07-04   16:08:10  continuum   penumbra   11784    1     36.3  -322.64   324.68    -83.58   -16.64    51.98     2.29    0.14     6.8    20664943.52      3697881.6       27391.72       19590.37        37624.7           4375
2013-07-04   16:08:10  continuum   penumbra   11784    2    19.79  -318.27   318.88    -86.44   -16.35    50.94     1.25    0.12    5.87    17840272.09     3212039.01       27453.32       19264.37       37806.91        4991.45
2013-07-04   16:08:10  continuum   penumbra   11784    3    24.52  -317.46    318.4    -85.58    -16.3    51.24     1.54    0.01    0.25       762052.5      180679.01        36135.8       33919.32       37687.31         1417.5
2013-07-04   16:08:10  continuum   penumbra   11784    4     24.7  -313.15   314.12    -85.49   -16.02    51.25     1.55    0.03     1.6     4861879.39      997723.83       31178.87       25829.52       37379.86        2976.48
2013-07-04   16:08:10  continuum   penumbra   11784    5    66.43  -309.79   316.84     -77.9   -15.82    53.87     4.18       0     0.1      303907.16        74916.3       37458.15       37343.22       37573.08         114.93
2013-07-04   16:08:10  continuum   penumbra   11784    6    61.76  -306.77   312.92    -78.62   -15.62    53.57     3.88       0     0.2      606268.69       145210.1       36302.52       34462.95       37559.57        1300.87
2013-07-04   16:08:10  continuum   penumbra   11784    7    57.27   -306.1   311.41     -79.4   -15.58    53.29      3.6       0    0.15      454324.29      109827.88       36609.29       35712.33       37543.86         748.19
2013-07-04   16:08:10  continuum   penumbra   11784    8    38.35  -304.84   307.24    -82.83    -15.5     52.1     2.41    0.02    0.84     2569154.34      582676.06       34275.06        30489.7       37742.91        2230.45
2013-07-04   16:08:10  continuum   penumbra   11784    9    28.21  -298.45   299.78     -84.6   -15.09    51.46     1.77    0.04    2.13     6467108.08     1299950.39        30231.4       22224.71       37163.42        4652.04
2013-07-04   16:08:10  continuum   penumbra   11784   10    60.64  -288.81   295.11    -78.14   -14.48    53.48     3.79    0.08    4.04    12277153.06     2623352.22        31992.1       22217.05       39784.46        4429.57
2013-07-04   16:08:10  continuum   penumbra   11784   11   110.97   -285.2   306.03    -68.74   -14.27    56.63     6.94    0.14    6.97    21181640.73      4713688.9       33430.42       24306.78       39008.69         3204.7
2013-07-04   16:08:10  continuum      umbra   11786    1    33.23  -565.81   566.79    -86.64   -33.41     52.1     2.41    0.33    15.8    48056042.09      179900.67       59966.89       58476.66       61285.75        1153.19
2013-07-04   16:08:10  continuum      umbra   11786    2    14.82  -560.01   560.21    -88.48   -32.97    50.76     1.07    0.01    0.41     1235998.31      358294.69       59715.78       56907.82       62048.74        1647.23
2013-07-04   16:08:10  continuum      umbra   11786    3    21.29  -557.66   558.06    -87.81   -32.79    51.23     1.53       0    0.13      410315.31      118438.44       59219.22        59087.3       59351.14         131.92
2013-07-04   16:08:10  continuum      umbra   11786    4     70.2  -547.12    551.6    -82.69   -32.02    54.71     5.01    0.05    2.33     7076273.81     2084742.64       59564.08       56065.02       66008.66         1969.9
2013-07-04   16:08:10  continuum      umbra   11786    5     79.2  -534.95   540.78    -81.58   -31.12     55.3      5.6    0.02    1.11     3369833.65      1020277.2       60016.31        58101.8        62453.1        1379.23
2013-07-04   16:08:10  continuum      umbra   11786    6     80.8  -532.06   538.16    -81.36   -30.91     55.4      5.7    0.01    0.26      789253.87      263743.66       65935.91       65251.66       66798.39          587.1
2013-07-04   16:08:10  continuum      umbra   11786    7    83.78  -530.01   536.59    -81.02   -30.76     55.6     5.91    0.08    4.08    12393906.56     3813560.48       60532.71       58126.28       62415.21        1048.56
2013-07-04   16:08:10  continuum      umbra   11786    8    73.41  -530.85    535.9    -82.13   -30.82    54.87     5.18       0    0.19      590114.91       180326.3       60108.77       59252.25       60810.12         645.39
2013-07-04   16:08:10  continuum      umbra   11786    9    75.31   -530.4   535.72    -81.92   -30.79       55     5.31    0.01    0.58        1769493      545034.42       60559.38       58332.53       62230.09        1337.94
2013-07-04   16:08:10  continuum      umbra   11786   10     80.8  -525.51   531.68    -81.26   -30.44    55.37     5.68    0.02    0.77     2342271.89      737486.46        61457.2       60681.69       62230.35          461.6
2013-07-04   16:08:10  continuum      umbra   11786   11     43.1  -520.97   522.75    -85.27   -30.09    52.71     3.01    0.01    0.51     1543557.95      490487.68       61310.96       60210.54        62188.7         769.36
2013-07-04   16:08:10  continuum      umbra   11786   12    84.87  -516.36   523.29    -80.67   -29.77    55.62     5.92    0.02    0.82      2502040.1       778048.6       59849.89       57606.08        61619.9         1292.5
2013-07-04   16:08:10  continuum      umbra   11786   13     49.5  -513.66   516.04     -84.5   -29.57    53.14     3.44    0.02       1     3053400.12      966685.65       60417.85       57924.03       62160.81        1199.41
2013-07-04   16:08:10  continuum      umbra   11786   14    85.09  -513.53   520.53    -80.59   -29.57    55.62     5.93    0.01    0.25      766468.74      241189.31       60297.33       59220.11       61238.52         734.29
2013-07-04   16:08:10  continuum      umbra   11786   15    51.05  -513.28   515.81    -84.32   -29.54    53.24     3.55       0    0.13      381502.26      119862.01       59931.01       59585.14       60276.87         345.87
2013-07-04   16:08:10  continuum      umbra   11786   16    62.56  -511.37   515.19    -83.02   -29.41    54.04     4.35    0.05    2.25     6854812.51     2169621.38       60267.26       58306.12       61742.79         967.23
2013-07-04   16:08:10  continuum      umbra   11786   17    53.06  -510.98   513.73    -84.07   -29.37    53.38     3.68    0.02       1     3041754.42      969093.94       60568.37       58612.84       62430.36        1143.47
2013-07-04   16:08:10  continuum      umbra   11786   18    46.71  -507.58   509.73    -84.74   -29.13    52.93     3.23    0.01    0.31      945093.53      301218.31       60243.66       57952.74       62446.18        1834.98
2013-07-04   16:08:10  continuum   penumbra   11786    1    72.23  -549.08   553.81    -82.51   -32.17    54.86     5.17       0    0.13      405879.12      114654.07       57327.04       56661.73       57992.35         665.31
2013-07-04   16:08:10  continuum   penumbra   11786    2    70.01  -547.72   552.18    -82.72   -32.06     54.7        5    0.01    0.33     1011943.45      290003.34       58000.67       57496.25       58620.57         382.57
2013-07-04   16:08:10  continuum   penumbra   11786    3    69.96   -544.8   549.27    -82.68   -31.85    54.68     4.99       0    0.13      402696.34      116101.99          58051       57673.33       58428.66         377.67
2013-07-04   16:08:10  continuum   penumbra   11786    4    79.04  -536.22   542.02    -81.62   -31.22    55.29      5.6       0    0.13       397297.2      116254.17       58127.08        58101.8       58152.37          25.29
2013-07-04   16:08:10  continuum   penumbra   11786    5    75.76  -530.43   535.81    -81.87   -30.79    55.03     5.34       0    0.13      393263.13       116960.2        58480.1       58332.53       58627.66         147.56
2013-07-04   16:08:10  continuum   penumbra   11786    6       85  -529.84   536.61    -80.89   -30.75    55.69     5.99       0    0.19      590130.45      175737.94       58579.31       58351.88       58731.35         163.84
2013-07-04   16:08:10  continuum   penumbra   11786    7    84.71  -516.05   522.96    -80.68   -29.75     55.6     5.91    0.01    0.25       769461.9      232905.02       58226.25       57606.08       58759.82         480.85
2013-07-04   16:08:10  continuum   penumbra   11786    8    49.79  -514.54   516.94    -84.47   -29.63    53.16     3.47       0    0.13      382207.89      116541.43       58270.71       57924.03        58617.4         346.68
2013-07-04   16:08:10  continuum   penumbra   11786    9    61.89  -513.03   516.75    -83.12   -29.52       54      4.3       0    0.13      381768.29      117225.27       58612.64       58532.04       58693.23          80.59
2013-07-04   16:08:10  continuum   penumbra   11786   10    63.91  -510.51   514.49    -82.86   -29.34    54.13     4.44       0    0.13      380369.06      117040.98       58520.49       58306.12       58734.86         214.37
2013-07-04   16:08:10  continuum   penumbra   11786   11    46.76  -507.98   510.13    -84.74   -29.16    52.93     3.24       0    0.12      378270.68      116144.05       58072.02       57952.74        58191.3         119.28
